Script started on Sun Apr 26 23:44:46 2026
[1m[7m%[27m[1m[0m                                                                                ]7;file://MacBookPro.lan/Users/robertread/scratch[0m[27m[24m[J(base) robertread@MacBookPro scratch % [K[?2004h!!scr[?2004l
screen /dev/tty.usbserial-01D1CC74 115200
[?1049h[!p[?3;4l[4l>[4l[?1h=[0m(B[1;42r[H[2J[H[2J21270
failed
21300
failed
21330
32.69
21360
32.75
21390
32.81
21420
32.83
21450
32.91
21480
32.96
21510
32.99
21540
33.03
21570
33.07
21600
33.10
21630
33.17
21660
33.20
21690
33.26
21720
33.36
21750
33.45
21780
33.51
21810
33.59
21840
33.67
21870
33.75
21900
33.84
21930
33.90
21960
33.99
21990
34.08
22020
34.20
22050
34.27
22080
34.34
22110
34.41
22140
34.50
22170
34.54
22200
34.61
22230
34.66
22260
34.71
22290
34.79
22320
34.82
22350
34.87
22380
34.93
22410
34.98
22440
35.02
22470
35.04
22500
35.06
22530
35.08
22560
35.10
22590
35.13
22620
35.16
22650
35.18
22680
35.20
22710
35.24
22740
35.26
22770
35.26
22800
35.30
22830
35.34
22860
35.38
22890
35.39
22920
35.41
22950
35.45
22980
35.47
23010
35.49
23040
35.51
23070
35.56
23100
35.59
23130
35.61
23160
35.65
23190
35.70
23220
35.72
23250
35.75
23280
35.78
23310
35.80
23340
35.83
23370
35.88
23400
35.91
23430
35.93
23460
35.94
23490
36.00
23520
36.01
23550
36.07
23580
36.07
23610
36.12
23640
36.15
23670
36.18
23700
36.20
23730
36.24
23760
36.26
23790
36.29
23820
36.32
23850
36.34
23880
36.36
23910
36.40
23940
36.44
23970
36.44
24000
36.47
24030
36.49
24060
36.50
24090
36.53
24120
36.54
24150
36.55
24180
36.57
24210
36.56
24240
36.59
24270
36.60
24300
36.60
24330
36.61
24360
36.61
24390
36.62
24420
36.62
24450
36.63
24480
36.60
24510
36.61
24540
36.60
24570
36.59
24600
36.59
24630
36.56
24660
36.55
24690
36.53
24720
36.49
24750
36.49
24780
36.47
24810
36.42
24840
36.36
24870
36.34
24900
36.30
24930
36.27
24960
36.25
24990
36.22
25020
36.19
25050
36.18
25080
36.15
25110
36.15
25140
36.12
25170
36.09
25200
36.07
25230
36.04
25260
36.03
25290
36.00
25320
36.01
25350
36.00
25380
35.96
25410
35.95
25440
35.94
25470
35.94
25500
35.92
25530
35.91
25560
35.91
25590
35.88
25620
35.87
25650
35.85
25680
35.83
25710
35.82
25740
35.80
25770
35.81
25800
35.80
25830
35.76
25860
35.74
25890
35.72
25920
35.72
25950
35.70
25980
35.69
26010
35.68
26040
35.64
26070
35.62
26100
35.60
26130
35.59
26160
35.58
26190
35.58
26220
35.53
26250
35.52
26280
35.51
26310
35.50
26340
35.51
26370
35.50
26400
35.50
26430
35.50
26460
35.49
26490
35.50
26520
35.49
26550
35.50
26580
35.50
26610
35.50
26640
35.50
26670
35.50
26700
35.50
26730
35.51
26760
35.52
26790
35.53
26820
35.55
26850
35.59
26880
35.61
26910
35.62
26940
35.66
26970
35.68
27000
35.70
27030
35.72
27060
35.75
27090
35.78
27120
35.80
27150
35.82
27180
35.85
27210
35.88
27240
35.88
27270
35.90
27300
35.92
27330
35.94
27360
35.97
27390
36.00
27420
36.00
27450
36.02
27480
36.05
27510
36.05
27540
36.07
27570
36.09
27600
36.11
27630
36.13
27660
36.15
27690
36.16
27720
36.16
27750
36.20
27780
36.19
27810
36.20
27840
36.21
27870
36.22
27900
36.24
27930
36.25
27960
36.27
27990
36.27
28020
36.26
28050
36.28
28080
36.28
28110
36.28
28140
36.29
28170
36.29
28200
36.30
28230
36.29
28260
36.30
28290
36.30
28320
36.27
28350
36.28
28380
36.26
28410
36.27
28440
36.26
28470
36.24
28500
36.23
28530
36.22
28560
36.20
28590
36.18
28620
36.17
28650
36.15
28680
36.13
28710
36.12
28740
36.09
28770
36.08
28800
36.08
28830
36.03
28860
36.00
28890
35.98
28920
35.96
28950
35.93
28980
35.93
29010
35.91
29040
35.89
29070
35.89
29100
35.85
29130
35.84
29160
35.81
29190
35.81
29220
35.80
29250
35.77
29280
35.75
29310
35.75
29340
35.73
29370
35.73
29400
35.72
29430
35.71
29460
35.70
29490
35.68
29520
35.68
29550
35.64
29580
35.64
29610
35.62
29640
35.61
29670
35.60
29700
35.60
29730
35.58
29760
35.59
29790
35.59
29820
35.59
29850
35.57
29880
35.58
29910
35.58
29940
35.59
29970
35.60
30000
35.60
30030
35.60
30060
35.63
30090
35.61
30120
35.64
30150
35.64
30180
35.67
30210
35.69
30240
35.70
30270
35.71
30300
35.71
30330
35.71
30360
35.74
30390
35.76
30420
35.77
30450
35.78
30480
35.82
30510
35.81
30540
35.85
30570
35.85
30600
35.88
30630
35.90
30660
35.91
30690
35.93
30720
35.94
30750
35.96
30780
35.97
30810
36.00
30840
36.01
30870
36.03
30900
36.03
30930
36.05
30960
36.05
30990
36.07
31020
36.09
31050
36.09
31080
36.10
31110
36.12
31140
36.13
31170
36.14
31200
36.16
31230
36.18
31260
36.17
31290
36.18
31320
36.17
31350
36.18
31380
36.20
31410
36.18
31440
36.19
31470
36.19
31500
36.20
31530
36.20
31560
36.20
31590
36.20
31620
36.19
31650
36.20
31680
36.20
31710
36.17
31740
36.17
31770
36.16
31800
36.15
31830
36.14
31860
36.13
31890
36.12
31920
36.09
31950
36.10
