270
25.82
300
25.98
330
26.10
360
26.23
390
26.35
420
26.50
450
26.65
480
26.78
510
26.87
540
26.96
570
27.06
600
27.17
630
27.28
660
27.41
690
27.53
720
27.66
750
27.76
780
27.88
810
28.01
840
28.18
870
28.31
900
28.42
930
28.56
960
28.69
990
28.83
1020
28.98
1050
29.11
1080
29.24
1110
29.37
1140
29.48
1170
29.61
1200
29.76
1230
29.86
1260
29.98
1290
30.11
1320
30.23
1350
30.35
1380
30.51
1410
30.61
1440
30.73
1470
30.84
1500
30.96
1530
31.09
1560
31.23
1590
31.35
1620
31.47
1650
31.57
1680
31.70
1710
31.79
1740
31.94
1770
32.04
1800
32.14
1830
32.26
1860
32.36
1890
32.48
1920
32.57
1950
32.72
1980
32.83
2010
32.94
2040
33.06
2070
33.15
2100
33.25
2130
33.36
2160
33.50
2190
33.61
2220
33.71
2250
33.81
2280
33.91
2310
34.00
2340
34.11
2370
34.24
2400
34.33
2430
34.43
2460
34.51
2490
34.60
2520
34.67
2550
34.76
2580
34.83
2610
34.92
2640
34.98
2670
35.05
2700
35.10
2730
35.12
2760
35.18
2790
35.22
2820
35.23
2850
35.26
2880
35.28
2910
35.31
2940
35.33
2970
35.35
3000
35.36
3030
35.36
3060
35.36
3090
35.37
3120
35.36
3150
35.36
3180
35.33
3210
35.34
3240
35.30
3270
35.29
3300
35.27
3330
35.24
3360
35.21
3390
35.18
3420
35.16
3450
35.13
3480
35.09
3510
35.08
3540
35.04
3570
35.00
3600
34.97
3630
34.95
3660
34.90
3690
34.84
3720
34.80
3750
34.76
3780
34.74
3810
34.69
3840
34.66
3870
34.63
3900
34.59
3930
34.56
3960
34.52
3990
34.49
4020
34.47
4050
34.44
4080
34.41
4110
34.37
4140
34.35
4170
34.33
4200
34.30
4230
34.27
4260
34.23
4290
34.23
4320
34.19
4350
34.18
4380
34.11
4410
34.09
4440
34.08
4470
34.05
4500
34.03
4530
34.02
4560
34.01
4590
34.00
4620
33.99
4650
33.98
4680
33.97
4710
33.97
4740
33.97
4770
33.95
4800
33.96
4830
33.94
4860
33.95
4890
33.93
4920
33.93
4950
33.95
4980
33.96
5010
33.97
5040
34.01
5070
34.03
5100
34.09
5130
34.13
5160
34.20
5190
34.26
5220
34.31
5250
34.38
5280
34.43
5310
34.50
5340
34.56
5370
34.64
5400
34.69
5430
34.75
5460
34.83
5490
34.91
5520
34.99
5550
35.04
5580
35.07
5610
35.13
5640
35.17
5670
35.22
5700
35.25
5730
35.27
5760
35.29
5790
35.31
5820
35.29
5850
35.31
5880
35.30
5910
35.30
5940
35.29
5970
35.26
6000
35.23
6030
35.22
6060
35.20
6090
35.16
6120
35.14
6150
35.11
6180
35.09
6210
35.06
6240
35.01
6270
34.97
6300
34.95
6330
34.88
6360
34.84
6390
34.81
6420
34.76
6450
34.71
6480
34.68
6510
34.64
6540
34.62
6570
34.58
6600
34.53
6630
34.49
6660
34.45
6690
34.44
6720
34.40
6750
34.36
6780
34.33
6810
34.30
6840
34.27
6870
34.24
6900
34.21
6930
34.18
6960
34.12
6990
34.10
7020
34.09
7050
34.03
7080
34.01
