870
30.31
900
30.35
930
30.35
960
30.43
990
30.55
1020
30.60
1050
30.62
1080
30.59
1110
30.57
1140
30.58
1170
30.69
1200
30.81
1230
30.86
1260
30.87
1290
30.85
1320
30.84
1350
30.82
1380
30.91
1410
31.00
1440
31.03
1470
31.03
1500
31.01
1530
30.94
1560
30.92
1590
31.01
1620
31.12
1650
31.14
1680
31.15
1710
31.12
1740
31.07
1770
31.05
1800
31.12
1830
31.23
1860
31.25
1890
31.23
1920
31.21
1950
31.14
1980
31.16
2010
31.20
2040
31.15
2070
31.11
2100
31.06
2130
31.03
2160
31.12
2190
31.21
2220
31.22
2250
31.22
2280
31.18
2310
31.11
2340
31.08
2370
31.18
2400
31.30
2430
31.33
2460
31.32
2490
31.31
2520
31.25
2550
31.22
2580
31.26
2610
31.33
2640
31.34
2670
31.32
2700
31.28
2730
31.22
2760
31.20
2790
31.28
2820
31.37
2850
31.41
2880
31.43
2910
31.41
2940
31.37
2970
31.33
3000
31.32
3030
31.37
3060
31.37
3090
31.36
3120
31.31
3150
31.26
3180
31.24
3210
31.31
3240
31.43
3270
31.46
3300
31.47
3330
31.43
3360
31.39
3390
31.37
3420
31.42
3450
31.45
3480
31.44
3510
31.40
3540
31.34
3570
31.31
3600
31.39
3630
31.47
3660
31.49
3690
31.49
3720
31.46
3750
31.40
3780
31.37
3810
31.42
3840
31.48
3870
31.48
3900
31.43
3930
31.38
3960
31.35
3990
31.37
4020
31.39
4050
31.38
4080
31.34
4110
31.29
4140
31.24
4170
31.31
4200
31.33
4230
31.32
4260
31.30
4290
31.23
4320
31.21
4350
31.31
4380
31.40
4410
31.44
4440
31.45
4470
31.43
4500
31.40
4530
31.36
4560
31.38
4590
31.43
4620
31.42
4650
31.40
4680
31.36
4710
31.31
4740
31.28
4770
31.39
4800
31.46
4830
31.51
4860
31.51
4890
31.49
4920
31.44
4950
31.39
4980
31.41
5010
31.48
5040
31.49
5070
31.35
5100
31.14
5130
30.92
5160
30.91
5190
30.89
5220
31.00
5250
31.24
5280
31.44
5310
31.66
5340
31.85
5370
32.09
5400
32.32
5430
32.51
5460
32.77
5490
33.00
5520
33.20
5550
33.45
5580
33.65
5610
33.86
5640
34.08
5670
34.30
5700
34.48
5730
34.68
5760
34.87
5790
35.03
5820
35.12
5850
35.20
5880
35.27
5910
35.28
5940
35.26
5970
35.30
6000
35.35
6030
35.37
6060
35.33
6090
35.26
6120
35.21
6150
35.21
6180
35.15
6210
35.04
6240
34.99
6270
34.95
6300
34.91
6330
34.86
6360
34.82
6390
34.74
6420
34.65
6450
34.56
6480
34.49
6510
34.45
6540
34.41
6570
34.34
6600
34.33
6630
34.25
6660
34.19
6690
34.19
6720
34.25
6750
34.22
6780
34.21
6810
34.28
6840
34.26
6870
34.26
6900
34.26
6930
34.34
6960
34.40
6990
34.42
7020
34.46
7050
34.51
7080
34.51
7110
34.47
7140
34.47
7170
34.48
7200
34.51
7230
34.54
7260
34.58
7290
34.61
7320
34.56
7350
34.55
7380
34.55
7410
34.57
7440
34.59
7470
34.60
7500
34.63
7530
34.66
7560
34.65
7590
34.62
7620
34.66
7650
34.62
7680
34.59
7710
34.56
7740
34.56
7770
34.67
7800
34.68
7830
34.61
7860
34.57
7890
34.55
7920
34.62
7950
34.65
7980
34.63
8010
34.57
8040
34.63
8070
34.62
8100
34.63
8130
34.62
8160
34.59
8190
34.58
8220
34.55
8250
34.53
8280
34.53
8310
34.64
8340
34.68
8370
34.65
8400
34.72
8430
34.67
8460
34.63
8490
34.59
8520
34.56
8550
34.54
8580
34.55
8610
34.53
8640
34.51
8670
34.50
8700
34.50
8730
34.51
8760
34.51
8790
34.50
8820
34.50
8850
34.50
8880
34.51
8910
34.51
8940
34.50
8970
34.49
9000
34.49
9030
34.48
9060
34.48
9090
34.48
9120
34.47
9150
34.47
9180
34.47
9210
34.50
9240
34.57
9270
34.56
9300
34.54
9330
34.54
9360
34.53
9390
34.55
9420
34.55
9450
34.53
9480
34.54
9510
34.55
9540
34.56
9570
34.55
9600
34.56
9630
34.54
9660
34.54
9690
34.53
9720
34.47
9750
34.53
9780
34.56
9810
34.54
9840
34.50
9870
34.56
9900
34.57
9930
34.50
9960
34.44
9990
34.42
10020
34.49
10050
34.51
10080
34.51
10110
34.52
10140
34.49
10170
34.46
10200
34.41
10230
34.44
10260
34.47
10290
34.44
10320
34.44
10350
34.43
10380
34.41
10410
34.39
10440
34.40
10470
34.49
10500
34.54
10530
34.56
10560
34.52
10590
34.62
10620
34.65
10650
34.59
10680
34.59
10710
34.56
10740
34.57
10770
34.58
10800
34.57
10830
34.56
10860
34.56
10890
34.58
10920
34.59
10950
34.57
10980
34.59
11010
34.59
11040
34.59
11070
34.60
11100
34.60
11130
34.62
11160
34.63
11190
34.62
11220
34.65
11250
34.66
11280
34.68
11310
34.68
11340
34.69
11370
34.70
11400
34.73
11430
34.74
11460
34.72
11490
34.73
11520
34.74
11550
34.75
11580
34.74
11610
34.75
11640
34.75
11670
34.76
11700
34.76
11730
34.76
11760
34.80
11790
34.90
11820
34.88
11850
34.86
11880
34.86
11910
34.88
11940
34.90
11970
34.90
12000
34.90
12030
34.91
12060
34.91
12090
34.95
12120
34.95
12150
34.94
12180
34.95
12210
34.97
12240
34.96
12270
34.95
12300
34.98
12330
34.98
12360
34.99
12390
34.99
12420
35.00
12450
34.97
12480
35.01
12510
34.99
12540
34.99
12570
34.99
12600
34.99
12630
34.99
12660
35.01
12690
35.00
12720
35.01
12750
35.00
12780
35.01
12810
35.01
12840
35.01
12870
35.02
12900
35.03
12930
35.03
12960
35.03
12990
35.02
13020
35.03
13050
35.04
13080
35.04
13110
35.03
13140
35.07
13170
35.18
13200
35.15
13230
35.11
13260
35.11
13290
35.13
13320
35.13
13350
35.15
13380
35.15
13410
35.14
13440
35.16
13470
35.16
13500
35.16
13530
35.17
13560
35.18
13590
35.17
13620
35.19
13650
35.19
13680
35.22
13710
35.23
13740
35.27
13770
35.37
13800
35.47
13830
35.52
13860
35.60
13890
35.69
13920
35.82
13950
35.91
13980
35.91
14010
35.94
14040
35.99
14070
36.09
14100
36.16
14130
36.21
14160
36.18
14190
36.18
14220
36.24
14250
36.27
14280
36.23
14310
36.19
14340
36.19
14370
36.19
14400
36.10
14430
36.03
14460
35.98
14490
35.94
14520
35.88
14550
35.80
14580
35.77
14610
35.79
14640
35.80
14670
35.77
14700
35.72
14730
35.65
14760
35.59
14790
35.62
14820
35.64
14850
35.63
14880
35.60
14910
35.71
14940
35.75
14970
35.78
15000
35.80
15030
35.80
15060
35.81
15090
35.82
15120
35.83
15150
35.85
15180
35.90
15210
35.91
15240
35.96
15270
35.98
15300
36.03
15330
36.07
15360
36.03
15390
35.99
15420
35.98
15450
35.99
15480
36.00
15510
36.02
15540
36.04
15570
35.97
15600
35.92
15630
35.87
15660
35.84
15690
35.80
15720
35.78
15750
35.73
15780
35.71
15810
35.65
15840
35.72
15870
35.78
15900
35.78
15930
35.78
15960
35.78
15990
35.77
16020
35.74
16050
35.72
16080
35.71
16110
35.70
16140
35.67
16170
35.69
16200
35.76
16230
35.82
16260
35.78
16290
35.75
16320
35.75
16350
35.83
16380
35.90
16410
35.93
16440
35.89
16470
35.85
16500
35.84
16530
35.84
16560
35.91
16590
35.91
16620
35.89
16650
35.89
16680
35.88
16710
35.91
16740
35.91
16770
35.92
16800
35.93
16830
35.92
16860
35.93
16890
35.86
16920
35.80
16950
35.77
16980
35.70
17010
35.69
17040
35.74
17070
35.79
17100
35.82
17130
35.82
17160
35.80
17190
35.77
17220
35.71
17250
35.75
17280
35.77
17310
35.77
17340
35.77
17370
35.75
17400
35.74
17430
35.71
17460
35.71
17490
35.79
17520
35.86
17550
35.83
17580
35.79
17610
35.77
17640
35.75
17670
35.74
17700
35.73
17730
35.72
17760
35.80
17790
35.87
17820
35.86
17850
35.82
17880
35.82
17910
35.89
17940
35.88
17970
35.86
18000
35.84
18030
35.85
18060
35.85
18090
35.85
18120
35.85
18150
35.85
18180
35.86
18210
35.85
18240
35.80
18270
35.85
18300
35.89
18330
35.91
18360
35.91
18390
35.84
18420
35.78
18450
35.82
18480
35.85
18510
35.81
18540
35.76
18570
35.79
18600
35.85
18630
35.84
18660
35.83
18690
35.81
18720
35.80
18750
35.77
18780
35.72
18810
35.73
18840
35.76
18870
35.74
18900
35.74
18930
35.72
18960
35.70
18990
35.67
19020
35.64
19050
35.61
19080
35.61
19110
35.72
19140
35.79
19170
35.82
19200
35.77
19230
35.81
19260
35.79
19290
35.85
19320
35.91
19350
35.88
19380
35.83
19410
35.82
19440
35.81
19470
35.82
19500
35.83
19530
35.82
19560
35.82
19590
35.83
19620
35.84
19650
35.85
19680
35.87
19710
35.88
19740
35.88
19770
35.87
19800
35.87
19830
35.88
19860
35.88
19890
35.82
19920
35.85
19950
35.89
19980
35.84
20010
35.77
20040
35.73
20070
35.65
20100
35.60
20130
35.54
20160
35.59
20190
35.65
20220
35.62
20250
35.60
20280
35.61
20310
35.70
20340
35.78
20370
35.83
20400
35.84
20430
35.80
20460
35.74
20490
35.81
20520
35.86
20550
35.84
20580
35.79
20610
35.77
20640
35.77
20670
35.76
20700
35.77
20730
35.76
20760
35.77
20790
35.85
20820
35.83
20850
35.81
20880
35.82
20910
35.81
20940
35.82
20970
35.82
21000
35.83
21030
35.84
21060
35.84
21090
35.84
21120
35.84
21150
35.84
21180
35.85
21210
35.83
21240
35.85
21270
35.85
21300
35.86
21330
35.85
21360
35.79
21390
35.83
21420
35.87
21450
35.83
21480
35.86
21510
35.91
21540
35.92
21570
35.85
21600
35.77
21630
35.70
21660
35.64
21690
35.70
21720
35.74
21750
35.74
21780
35.72
21810
35.70
21840
35.69
21870
35.65
21900
35.62
21930
35.59
21960
35.55
21990
35.53
22020
35.63
22050
35.74
22080
35.77
22110
35.81
22140
35.83
22170
35.79
22200
35.83
22230
35.88
22260
35.86
22290
35.81
22320
35.80
22350
35.87
22380
35.87
22410
35.85
22440
35.85
22470
35.85
22500
35.85
22530
35.86
22560
35.87
22590
35.86
22620
35.89
22650
35.90
22680
35.90
22710
35.85
22740
35.90
22770
35.93
22800
35.89
22830
35.82
22860
35.77
22890
35.73
22920
35.68
22950
35.60
22980
35.55
23010
35.63
23040
35.65
23070
35.67
23100
35.68
23130
35.64
23160
35.61
23190
35.59
23220
35.58
23250
35.66
23280
35.75
23310
35.79
23340
35.82
23370
35.84
23400
35.79
23430
35.75
23460
35.74
23490
35.81
23520
35.87
23550
35.94
23580
35.90
23610
35.86
23640
35.85
23670
35.86
23700
35.86
23730
35.86
23760
35.88
23790
35.88
23820
35.88
23850
35.81
23880
35.76
23910
35.72
23940
35.77
23970
35.83
24000
35.84
24030
35.79
24060
35.83
24090
35.85
24120
35.81
24150
35.75
24180
35.78
24210
35.79
24240
35.80
24270
35.78
24300
35.74
24330
35.78
24360
35.81
24390
35.80
24420
35.74
24450
35.75
24480
35.77
24510
35.76
24540
35.73
24570
35.70
24600
35.66
24630
35.61
24660
35.55
24690
35.53
24720
35.63
24750
35.71
24780
35.67
24810
35.59
24840
35.68
24870
35.73
24900
35.78
24930
35.82
24960
35.83
24990
35.85
25020
35.81
25050
35.77
25080
35.83
25110
35.91
25140
35.87
25170
35.84
25200
35.82
25230
35.83
25260
35.82
25290
35.84
25320
35.84
25350
35.85
25380
35.86
25410
35.87
25440
35.82
25470
35.76
25500
35.83
25530
35.84
25560
35.81
25590
35.74
25620
35.71
25650
35.77
25680
35.80
25710
35.82
25740
35.80
25770
35.74
25800
35.67
25830
35.71
25860
35.76
25890
35.75
25920
35.74
25950
35.73
25980
35.71
26010
35.68
26040
35.67
26070
35.62
26100
35.62
26130
35.60
26160
35.70
26190
35.77
26220
35.80
26250
35.76
26280
35.73
26310
35.80
26340
35.88
26370
35.83
26400
35.79
26430
35.78
26460
35.77
26490
35.77
26520
35.77
26550
35.77
26580
35.77
26610
35.77
26640
35.78
26670
35.77
26700
35.78
26730
35.78
26760
35.77
26790
35.77
26820
35.78
26850
35.78
26880
35.78
26910
35.77
26940
35.78
26970
35.79
27000
35.81
27030
35.80
27060
35.81
27090
35.80
27120
35.81
27150
35.82
27180
35.81
27210
35.82
27240
35.83
27270
35.83
27300
35.82
27330
35.76
27360
35.78
27390
35.77
27420
35.81
27450
35.85
27480
35.80
27510
35.74
27540
35.68
27570
35.59
27600
35.52
27630
35.59
27660
35.62
27690
35.62
27720
35.60
27750
35.57
27780
35.52
27810
35.64
27840
35.73
27870
35.77
27900
35.79
27930
35.80
27960
35.82
27990
35.77
28020
35.72
28050
35.71
28080
35.76
28110
35.75
28140
35.74
28170
35.80
28200
35.80
28230
35.79
28260
35.79
28290
35.77
28320
35.78
28350
35.80
28380
35.79
28410
35.80
28440
35.81
28470
35.82
28500
35.84
28530
35.85
28560
35.85
28590
35.85
28620
35.87
28650
35.84
28680
35.81
28710
35.82
28740
35.78
28770
35.74
28800
35.71
28830
35.75
28860
35.80
28890
35.80
28920
35.76
28950
35.79
28980
35.81
29010
35.80
29040
35.79
29070
35.71
29100
35.62
29130
35.67
29160
35.70
29190
35.71
29220
35.70
29250
35.68
29280
35.61
29310
35.60
29340
35.55
29370
35.56
29400
35.67
29430
35.71
29460
35.71
29490
35.74
29520
35.74
29550
35.80
29580
35.77
29610
35.74
29640
35.80
29670
35.87
29700
35.91
29730
35.86
29760
35.82
29790
35.82
29820
35.82
29850
35.82
29880
35.82
29910
35.82
29940
35.75
29970
35.80
30000
35.80
30030
35.79
30060
35.83
30090
35.85
30120
35.82
30150
35.85
30180
35.89
30210
35.90
30240
35.91
30270
35.89
30300
35.81
30330
35.73
30360
35.65
30390
35.59
30420
35.64
30450
35.68
30480
35.68
30510
35.68
30540
35.62
30570
35.61
30600
35.57
30630
35.55
30660
35.65
30690
35.73
30720
35.70
30750
35.63
30780
35.60
30810
35.70
30840
35.77
30870
35.80
30900
35.84
30930
35.80
30960
35.75
30990
35.73
31020
35.72
31050
35.80
31080
35.79
31110
35.78
31140
35.77
31170
35.84
31200
35.84
31230
35.81
31260
35.81
31290
35.81
31320
35.82
31350
35.84
31380
35.84
31410
35.85
31440
35.85
31470
35.87
31500
35.88
31530
35.81
31560
35.73
31590
35.69
31620
35.64
31650
35.71
31680
35.74
31710
35.72
31740
35.76
31770
35.79
31800
35.80
31830
35.79
31860
35.80
31890
35.78
31920
35.77
31950
35.75
31980
35.75
32010
35.72
32040
35.72
32070
35.71
32100
35.71
32130
35.69
32160
35.68
32190
35.68
32220
35.67
32250
35.61
32280
35.60
32310
35.60
32340
35.61
32370
35.69
32400
35.79
32430
35.77
32460
35.80
32490
35.79
32520
35.83
32550
35.81
32580
35.79
32610
35.78
32640
35.78
32670
35.77
32700
35.77
32730
35.78
32760
35.77
32790
35.79
32820
35.79
32850
35.79
32880
35.79
32910
35.81
32940
35.81
32970
35.81
33000
35.82
33030
35.83
33060
35.82
33090
35.84
33120
35.82
33150
35.75
33180
35.68
33210
35.61
33240
35.57
33270
35.65
33300
35.70
33330
35.72
33360
35.72
33390
35.71
33420
35.70
33450
35.69
33480
35.68
33510
35.69
33540
35.66
33570
35.67
33600
35.74
33630
35.74
33660
35.71
33690
35.69
33720
35.70
33750
35.75
33780
35.83
33810
35.81
33840
35.77
33870
35.77
33900
35.82
33930
35.82
33960
35.79
33990
35.80
34020
35.80
34050
35.80
34080
35.79
34110
35.80
34140
35.80
34170
35.81
34200
35.81
34230
35.83
34260
35.82
34290
35.83
34320
35.83
34350
35.78
34380
35.79
34410
35.83
34440
35.80
34470
35.83
34500
35.80
34530
35.75
34560
35.80
34590
35.79
34620
35.82
34650
35.82
34680
35.74
34710
35.70
34740
35.72
34770
35.74
34800
35.71
34830
35.69
34860
35.73
34890
35.71
34920
35.68
34950
35.65
34980
35.60
35010
35.53
35040
35.51
35070
35.58
35100
35.57
35130
35.53
35160
35.61
35190
35.71
35220
35.75
35250
35.77
35280
35.78
35310
35.80
35340
35.76
35370
35.80
35400
35.84
35430
35.80
35460
35.77
35490
35.75
35520
35.76
35550
35.76
35580
35.77
35610
35.77
35640
35.76
35670
35.76
35700
35.78
35730
35.77
35760
35.80
35790
35.80
35820
35.81
35850
35.80
35880
35.83
35910
35.83
35940
35.82
35970
35.81
36000
35.83
36030
35.82
36060
35.77
36090
35.79
36120
35.77
36150
35.82
36180
35.80
36210
35.85
36240
35.81
36270
35.78
36300
35.73
36330
35.64
36360
35.70
36390
35.72
36420
35.74
36450
35.71
36480
35.69
36510
35.68
36540
35.62
36570
35.61
36600
35.56
36630
35.50
36660
35.50
36690
35.50
36720
35.57
36750
35.65
36780
35.72
36810
35.75
36840
35.76
36870
35.80
36900
35.83
36930
35.77
36960
35.75
36990
35.80
37020
35.76
37050
35.77
37080
35.76
37110
35.84
37140
35.82
37170
35.80
37200
35.80
37230
35.82
37260
35.81
37290
35.84
37320
35.84
37350
35.87
37380
35.88
37410
35.90
37440
35.90
37470
35.83
37500
35.77
37530
35.73
37560
35.70
37590
35.76
37620
35.76
37650
35.80
37680
35.85
37710
35.86
37740
35.85
37770
35.79
37800
35.71
37830
35.61
37860
35.54
37890
35.60
37920
35.65
37950
35.64
37980
35.61
38010
35.60
38040
35.56
38070
35.52
38100
35.51
38130
35.61
38160
35.71
38190
35.73
38220
35.76
38250
35.81
38280
35.84
38310
35.84
38340
35.80
38370
35.76
38400
35.73
38430
35.72
38460
35.71
38490
35.72
38520
35.73
38550
35.72
38580
35.75
38610
35.76
38640
35.82
38670
35.83
38700
35.81
38730
35.81
38760
35.80
38790
35.80
38820
35.81
38850
35.82
38880
35.82
38910
35.78
38940
35.79
38970
35.84
39000
35.86
39030
35.81
39060
35.85
39090
35.80
39120
35.75
39150
35.71
39180
35.66
39210
35.59
39240
35.62
39270
35.70
39300
35.71
39330
35.69
39360
35.68
39390
35.65
39420
35.61
39450
35.59
39480
35.56
39510
35.55
39540
35.51
39570
35.50
39600
35.59
39630
35.69
39660
35.74
39690
35.79
39720
35.80
39750
35.76
39780
35.72
39810
35.77
39840
35.84
39870
35.88
39900
35.85
39930
35.81
39960
35.81
39990
35.82
40020
35.80
40050
35.82
40080
35.83
40110
35.86
40140
35.86
40170
35.80
40200
35.82
40230
35.82
40260
35.85
40290
35.83
40320
35.78
40350
35.73
40380
35.69
40410
35.61
40440
35.56
40470
35.63
40500
35.68
40530
35.69
40560
35.69
40590
35.68
40620
35.63
40650
35.61
40680
35.60
40710
35.56
40740
35.53
40770
35.52
40800
35.51
40830
35.59
40860
35.71
40890
35.75
40920
35.79
40950
35.80
40980
35.83
41010
35.88
41040
35.91
41070
35.85
41100
35.82
41130
35.82
41160
35.82
41190
35.82
41220
35.83
41250
35.85
41280
35.85
41310
35.86
41340
35.81
41370
35.77
41400
35.80
41430
35.84
41460
35.80
41490
35.74
41520
35.69
41550
35.62
41580
35.58
41610
35.61
41640
35.69
41670
35.71
41700
35.71
41730
35.68
41760
35.66
41790
35.66
41820
35.61
41850
35.58
41880
35.59
41910
35.54
41940
35.53
41970
35.52
42000
35.61
42030
35.72
42060
35.78
42090
35.80
42120
35.85
42150
35.82
42180
35.83
42210
35.80
42240
35.78
42270
35.74
42300
35.76
42330
35.74
42360
35.77
42390
35.78
42420
35.79
42450
35.78
42480
35.79
42510
35.79
42540
35.81
42570
35.81
42600
35.81
42630
35.75
42660
35.68
42690
35.61
42720
35.70
42750
35.75
42780
35.77
42810
35.73
42840
35.74
42870
35.78
42900
35.73
42930
35.76
42960
35.80
42990
35.80
43020
35.71
43050
35.62
43080
35.55
43110
35.60
43140
35.61
43170
35.65
43200
35.60
43230
35.60
43260
35.56
43290
35.52
43320
35.51
43350
35.58
43380
35.57
43410
35.54
43440
35.62
43470
35.71
43500
35.75
43530
35.77
43560
35.71
43590
35.69
43620
35.74
43650
35.80
43680
35.86
43710
35.82
43740
35.77
43770
35.76
43800
35.76
43830
35.76
43860
35.75
43890
35.77
43920
35.77
43950
35.79
43980
35.80
44010
35.82
44040
35.82
44070
35.84
44100
35.82
44130
35.75
44160
35.70
44190
35.63
44220
35.59
44250
35.68
44280
35.64
44310
35.71
44340
35.75
44370
35.76
44400
35.76
44430
35.75
44460
35.74
44490
35.66
44520
35.69
44550
35.71
44580
35.71
44610
35.72
44640
35.69
44670
35.66
44700
35.64
44730
35.61
44760
35.59
44790
35.55
44820
35.53
44850
35.51
44880
35.50
44910
35.59
44940
35.71
44970
35.76
45000
35.80
45030
35.82
45060
35.78
45090
35.73
45120
35.71
45150
35.71
45180
35.71
45210
35.71
45240
35.71
45270
35.71
45300
35.73
45330
35.73
45360
35.74
45390
35.74
45420
35.75
45450
35.74
45480
35.76
45510
35.77
45540
35.76
45570
35.77
45600
35.77
45630
35.79
45660
35.77
45690
35.79
45720
35.78
45750
35.79
45780
35.80
45810
35.78
45840
35.79
45870
35.73
45900
35.76
45930
35.79
45960
35.76
45990
35.69
46020
35.61
46050
35.58
46080
35.62
46110
35.60
46140
35.65
46170
35.70
46200
35.70
46230
35.71
46260
35.69
46290
35.63
46320
35.62
46350
35.59
46380
35.58
46410
35.53
46440
35.51
46470
35.50
46500
35.59
46530
35.69
46560
35.74
46590
35.77
46620
35.80
46650
35.81
46680
35.85
46710
35.79
46740
35.77
46770
35.74
46800
35.74
46830
35.74
46860
35.75
46890
35.75
46920
35.76
46950
35.77
46980
35.77
47010
35.80
47040
35.79
47070
35.79
47100
35.81
47130
35.79
47160
35.75
47190
35.68
47220
35.60
47250
35.57
47280
35.61
47310
35.69
47340
35.72
47370
35.73
47400
35.73
47430
35.71
47460
35.70
47490
35.69
47520
35.68
47550
35.65
47580
35.64
47610
35.62
47640
35.61
47670
35.59
47700
35.59
47730
35.61
47760
35.70
47790
35.71
47820
35.66
47850
35.63
47880
35.62
47910
35.61
47940
35.61
47970
35.71
48000
35.77
48030
35.77
48060
35.74
48090
35.70
48120
35.70
48150
35.71
48180
35.71
48210
35.79
48240
35.79
48270
35.77
48300
35.77
48330
35.77
48360
35.77
48390
35.76
48420
35.71
48450
35.73
48480
35.77
48510
35.80
48540
35.80
48570
35.74
48600
35.68
48630
35.73
48660
35.77
48690
35.72
48720
35.64
48750
35.59
48780
35.65
48810
35.67
48840
35.62
48870
35.65
48900
35.68
48930
35.69
48960
35.69
48990
35.65
49020
35.60
49050
35.59
49080
35.56
49110
35.52
49140
35.50
49170
35.50
49200
35.49
49230
35.54
49260
35.65
49290
35.71
49320
35.73
49350
35.77
49380
35.80
49410
35.74
49440
35.71
49470
35.69
49500
35.65
49530
35.66
49560
35.67
49590
35.75
49620
35.75
49650
35.74
49680
35.73
49710
35.73
49740
35.74
49770
35.74
49800
35.76
49830
35.75
49860
35.77
49890
35.78
49920
35.78
49950
35.82
49980
35.80
50010
35.81
50040
35.82
50070
35.75
50100
35.78
50130
35.74
50160
35.72
50190
35.74
50220
35.80
50250
35.80
50280
35.75
50310
35.69
50340
35.59
50370
35.54
50400
35.58
50430
35.61
50460
35.56
[7m:[27m[K[7mquit[27m                                                                                [?1l>[42;1H
[?1049l[screen is terminating]
[1m[7m%[27m[1m[0m                                                                                ]7;file://MacBookPro.lan/Users/robertread/scratch[0m[27m[24m[J(base) robertread@MacBookPro scratch % [K[?2004h[?2004l

Saving session...
...saving history...truncating history files...
...completed.
Deleting expired sessions...none found.

Script done on Tue Apr 21 08:02:27 2026
