69780
35.12
69810
35.12
69840
35.12
69870
35.12
69900
35.12
69930
35.11
69960
35.12
69990
35.12
70020
35.14
70050
35.14
70080
35.16
70110
35.17
70140
35.18
70170
35.21
70200
35.23
70230
35.24
70260
35.27
70290
35.31
70320
35.33
70350
35.35
70380
35.36
70410
35.40
70440
35.42
70470
35.41
70500
35.45
70530
35.45
70560
35.48
70590
35.50
70620
35.50
70650
35.50
70680
35.50
70710
35.49
70740
35.47
70770
35.45
70800
35.44
70830
35.41
70860
35.40
70890
35.36
70920
35.35
70950
35.31
70980
35.29
71010
35.26
71040
35.23
71070
35.21
71100
35.18
71130
35.15
71160
35.13
71190
35.12
71220
35.11
71250
35.09
71280
35.09
71310
35.06
71340
35.05
71370
35.03
71400
35.00
71430
35.00
71460
34.99
71490
34.97
71520
34.97
71550
34.97
71580
34.94
71610
34.94
71640
34.93
71670
34.94
71700
34.93
71730
34.96
71760
34.98
71790
35.03
71820
35.05
71850
35.09
71880
35.13
71910
35.18
71940
35.21
71970
35.27
72000
35.30
72030
35.34
72060
35.39
72090
35.41
72120
35.44
72150
35.47
72180
35.50
72210
35.52
72240
35.54
72270
35.59
72300
35.60
72330
35.62
72360
35.68
72390
35.67
72420
35.68
72450
35.67
72480
35.65
72510
35.64
72540
35.60
72570
35.57
72600
35.55
72630
35.50
72660
35.48
72690
35.47
72720
35.44
72750
35.41
72780
35.38
72810
35.36
72840
35.34
72870
35.31
72900
35.27
72930
35.26
72960
35.22
72990
35.21
73020
35.18
73050
35.16
73080
35.14
73110
35.13
73140
35.10
73170
35.10
73200
35.09
73230
35.07
73260
35.05
73290
35.05
73320
35.03
73350
35.02
73380
35.01
73410
35.00
73440
35.00
73470
34.98
73500
34.99
73530
34.98
73560
34.98
73590
34.95
73620
34.95
73650
34.95
73680
34.97
73710
34.97
73740
34.99
73770
34.99
73800
35.03
73830
35.06
73860
35.09
73890
35.12
73920
35.15
73950
35.19
73980
35.22
74010
35.27
74040
35.32
74070
35.37
74100
35.42
74130
35.44
74160
35.47
74190
35.50
74220
35.53
74250
35.55
74280
35.60
74310
35.61
74340
35.65
74370
35.66
74400
35.67
74430
35.67
74460
35.68
74490
35.68
74520
35.65
74550
35.62
74580
35.64
74610
35.60
74640
35.57
74670
35.51
74700
35.50
74730
35.48
74760
35.46
74790
35.42
74820
35.38
74850
35.35
74880
35.34
74910
35.32
74940
35.28
74970
35.26
75000
35.23
75030
35.21
75060
35.18
75090
35.17
75120
35.15
75150
35.14
75180
35.12
75210
35.12
75240
35.12
75270
35.11
75300
35.11
75330
35.11
75360
35.10
75390
35.10
75420
35.09
75450
35.06
75480
35.06
75510
35.06
75540
35.06
75570
35.05
75600
35.04
75630
35.04
75660
35.03
75690
35.03
75720
35.00
75750
35.00
75780
34.99
75810
35.00
75840
35.02
75870
35.05
75900
35.06
75930
35.07
75960
35.11
75990
35.13
76020
35.15
76050
35.18
76080
35.22
76110
35.24
76140
35.26
76170
35.30
76200
35.33
76230
35.36
76260
35.38
76290
35.42
76320
35.44
76350
35.47
76380
35.49
