Script started on Tue Apr 21 15:10:06 2026
Restored session: Tue Apr 21 08:02:27 CDT 2026
[1m[7m%[27m[1m[0m                                                                                ]7;file://MacBookPro.lan/Users/robertread/scratch[0m[27m[24m[J(base) robertread@MacBookPro scratch % [K[?2004hsscreen -a [7m/dev/tty.usbserial-01D1CC74[27m[27D[27m/[27md[27me[27mv[27m/[27mt[27mt[27my[27m.[27mu[27ms[27mb[27ms[27me[27mr[27mi[27ma[27ml[27m-[27m0[27m1[27mD[27m1[27mC[27mC[27m7[27m4 115 [K2200[?2004l
[?1049h[!p[?3;4l[4l>[4l[?1h=[0m(B[1;42r[H[2J[H[2J210
27.07
240
27.80
270
28.39
300
28.83
330
29.21
360
29.51
390
29.78
420
29.99
450
30.18
480
30.39
510
30.57
540
30.72
570
30.88
600
31.04
630
31.22
660
31.37
690
31.49
720
31.63
750
31.75
780
31.88
810
32.04
840
32.14
870
32.26
900
32.38
930
32.50
960
32.62
990
32.77
1020
32.88
1050
33.00
1080
33.12
1110
33.21
1140
33.35
1170
33.49
1200
33.60
1230
33.71
1260
33.82
1290
33.93
1320
34.04
1350
34.18
1380
34.28
1410
34.38
1440
34.48
1470
34.58
1500
34.69
1530
34.79
1560
34.92
1590
35.03
1620
35.14
1650
35.24
1680
35.35
1710
35.45
1740
35.53
1770
35.68
1800
35.79
1830
35.88
1860
35.99
1890
36.08
1920
36.18
1950
36.27
1980
36.38
2010
36.51
2040
36.59
2070
36.68
2100
36.76
2130
36.86
2160
36.95
2190
37.06
2220
37.16
2250
37.27
2280
37.35
2310
37.44
2340
37.53
2370
37.62
2400
37.71
2430
37.78
2460
37.90
2490
38.00
2520
38.07
2550
38.16
2580
38.25
2610
38.33
2640
38.39
2670
38.49
2700
38.58
2730
38.70
2760
38.78
2790
38.83
2820
38.92
2850
38.99
2880
39.08
2910
39.15
2940
39.22
2970
39.30
3000
39.41
3030
39.50
3060
39.56
3090
39.64
3120
39.71
3150
39.77
3180
39.84
3210
39.92
3240
40.01
3270
40.06
3300
40.17
3330
40.23
3360
40.32
3390
40.40
3420
40.47
3450
40.53
3480
40.61
3510
40.67
3540
40.75
3570
40.82
3600
40.89
3630
40.98
3660
41.04
3690
41.11
3720
41.17
3750
41.24
3780
41.28
3810
41.35
3840
41.42
3870
41.47
3900
41.55
3930
41.62
3960
41.70
3990
41.76
4020
41.75
4050
41.67
4080
41.50
4110
41.34
4140
41.36
4170
41.28
4200
41.05
4230
40.73
4260
40.74
4290
40.67
4320
40.66
4350
40.48
4380
40.38
4410
40.03
4440
39.81
4470
39.85
4500
39.87
4530
39.82
4560
39.45
4590
39.05
4620
39.26
4650
39.34
4680
39.18
4710
38.94
4740
38.60
4770
38.34
4800
38.49
4830
38.49
4860
38.29
4890
38.04
4920
38.20
4950
38.26
4980
38.56
5010
38.64
5040
38.56
5070
38.80
5100
38.92
5130
38.88
5160
38.86
5190
39.12
5220
39.35
5250
39.45
5280
39.47
5310
39.56
5340
39.88
5370
40.22
5400
40.41
5430
40.57
5460
40.41
5490
40.39
5520
40.30
5550
40.34
5580
40.60
5610
40.91
5640
41.20
5670
41.43
5700
41.26
5730
41.24
5760
41.35
5790
41.20
5820
41.14
5850
41.26
5880
41.41
5910
41.19
5940
41.01
5970
40.59
6000
40.39
6030
40.41
6060
40.41
6090
40.03
6120
39.73
6150
39.56
6180
39.44
6210
39.26
6240
39.11
6270
38.93
6300
38.71
6330
38.41
6360
38.14
6390
37.96
6420
38.17
6450
38.20
6480
37.99
6510
37.67
6540
37.81
6570
37.94
6600
38.20
6630
38.32
6660
38.19
6690
38.09
6720
38.19
6750
38.33
6780
38.44
6810
38.40
6840
38.56
6870
38.85
6900
38.95
6930
39.00
6960
39.10
6990
39.49
7020
39.83
7050
40.03
7080
40.28
7110
40.52
7140
40.73
7170
40.99
7200
41.19
7230
41.38
7260
41.25
7290
41.23
7320
41.42
7350
41.64
7380
41.49
7410
41.45
7440
41.58
7470
41.44
7500
41.35
7530
41.08
7560
41.00
7590
41.10
7620
41.18
7650
40.85
7680
40.54
7710
40.08
7740
39.82
7770
39.73
7800
39.68
7830
39.59
7860
39.18
7890
39.26
7920
39.23
7950
39.07
7980
38.82
8010
38.38
8040
37.99
8070
37.51
8100
37.06
8130
37.30
8160
37.35
8190
37.09
8220
36.71
8250
36.93
8280
37.11
8310
37.43
8340
37.59
8370
37.80
8400
37.97
8430
37.96
8460
37.86
8490
38.09
8520
38.37
8550
38.45
8580
38.47
8610
38.67
8640
38.95
8670
39.13
8700
39.27
8730
39.46
8760
39.64
8790
39.88
8820
40.28
8850
40.61
8880
40.54
8910
40.66
8940
40.99
8970
41.32
9000
41.58
9030
41.54
9060
41.57
9090
41.85
9120
42.08
9150
41.91
9180
41.49
9210
41.42
9240
41.66
9270
41.87
9300
41.68
9330
41.52
9360
41.18
9390
40.99
9420
40.99
9450
40.61
9480
40.34
9510
39.90
9540
39.96
9570
39.80
9600
39.52
9630
39.17
9660
38.80
9690
38.44
9720
37.96
9750
37.47
9780
37.04
9810
36.66
9840
36.88
9870
36.93
9900
37.32
9930
37.31
9960
36.89
9990
36.57
10020
36.75
10050
36.76
10080
37.12
10110
37.24
10140
36.80
10170
36.41
10200
36.72
10230
37.30
10260
37.65
10290
37.75
10320
38.09
10350
38.44
10380
38.54
10410
38.54
10440
38.54
10470
38.61
10500
38.77
10530
39.13
10560
39.58
10590
39.95
10620
40.30
10650
40.69
10680
41.11
10710
41.42
10740
41.70
10770
41.65
10800
41.70
10830
41.86
10860
42.06
10890
42.01
10920
42.00
10950
41.93
10980
42.01
11010
42.24
11040
42.18
11070
41.82
11100
41.75
11130
41.55
11160
41.46
11190
41.55
11220
41.25
11250
40.99
11280
40.55
11310
40.20
11340
40.02
11370
39.62
11400
39.17
11430
38.79
11460
38.33
11490
37.79
11520
37.37
11550
37.03
11580
37.21
11610
37.17
11640
36.87
11670
37.01
11700
36.90
11730
36.65
11760
36.32
11790
36.48
11820
36.44
11850
36.20
11880
36.55
11910
36.62
11940
36.97
11970
37.07
12000
36.81
12030
37.08
12060
37.30
12090
37.38
12120
37.56
12150
37.76
12180
37.86
12210
38.21
12240
38.60
12270
38.70
12300
38.73
12330
38.99
12360
39.42
12390
39.70
12420
40.00
12450
40.30
12480
40.70
12510
41.14
12540
41.47
12570
41.80
12600
41.73
12630
41.77
12660
41.98
12690
41.89
12720
41.95
12750
42.15
12780
42.11
12810
42.14
12840
41.97
12870
41.93
12900
41.76
12930
41.70
12960
41.39
12990
41.24
13020
41.26
13050
40.92
13080
40.65
13110
40.52
13140
40.11
13170
39.77
13200
39.22
13230
38.82
13260
38.97
13290
38.97
13320
38.55
13350
38.05
13380
38.19
13410
38.06
13440
37.65
13470
37.13
13500
36.76
13530
36.45
13560
36.38
13590
36.32
13620
36.57
13650
36.60
13680
36.35
13710
36.65
13740
36.82
13770
37.14
13800
37.24
13830
36.88
13860
37.10
13890
37.35
13920
37.39
13950
37.58
13980
37.75
14010
37.79
14040
37.78
14070
38.16
14100
38.60
14130
38.70
14160
38.72
14190
38.79
14220
38.95
14250
39.35
14280
39.82
14310
40.11
14340
40.09
14370
40.12
14400
40.55
14430
40.62
14460
40.83
14490
41.23
14520
41.60
14550
41.93
14580
41.88
14610
41.90
14640
41.82
14670
41.58
14700
41.69
14730
41.96
14760
41.93
14790
42.01
14820
42.21
14850
42.11
14880
42.01
14910
41.69
14940
41.49
14970
41.12
15000
40.79
15030
40.36
15060
39.95
15090
39.85
15120
39.68
15150
39.25
15180
38.80
15210
38.27
15240
37.79
15270
37.32
15300
36.95
15330
36.69
15360
36.67
15390
36.64
15420
36.51
15450
36.24
15480
36.25
15510
36.19
15540
36.45
15570
36.50
15600
36.22
15630
35.94
15660
36.12
15690
36.13
15720
35.94
15750
36.30
15780
36.90
15810
37.33
15840
37.41
15870
37.26
15900
37.47
15930
37.65
15960
37.76
15990
38.12
16020
38.54
16050
38.70
16080
38.73
16110
38.99
16140
39.38
16170
39.72
16200
39.95
16230
40.35
16260
40.74
16290
41.12
16320
41.05
16350
41.17
16380
41.14
16410
41.24
16440
41.57
16470
41.59
16500
41.72
16530
41.70
16560
41.44
16590
41.54
16620
41.91
16650
42.25
16680
42.15
16710
42.17
16740
42.00
16770
41.90
16800
41.67
16830
41.44
16860
41.11
16890
40.82
16920
40.70
16950
40.36
16980
39.90
17010
39.51
17040
39.06
17070
38.74
17100
38.25
17130
37.85
17160
37.38
17190
37.00
17220
37.21
17250
37.10
17280
36.92
17310
36.60
17340
36.29
17370
36.27
17400
36.21
17430
36.05
17460
36.15
17490
36.18
17520
36.66
17550
36.75
17580
36.36
17610
36.67
17640
36.77
17670
36.52
17700
36.73
17730
37.03
17760
37.13
17790
37.38
17820
37.62
17850
38.08
17880
38.46
17910
38.59
17940
38.55
17970
38.62
18000
38.76
18030
39.05
18060
39.50
18090
39.74
18120
40.22
18150
40.63
18180
41.06
18210
41.40
18240
41.76
18270
41.73
18300
41.75
18330
41.94
18360
41.89
18390
41.94
18420
42.14
18450
42.13
18480
42.11
18510
42.01
18540
42.02
18570
42.20
18600
42.01
18630
41.46
18660
41.25
18690
41.25
18720
40.93
18750
40.62
18780
40.14
18810
39.78
18840
39.56
18870
39.43
18900
39.16
18930
38.79
18960
38.23
18990
37.64
19020
37.28
19050
37.41
19080
37.39
19110
37.10
19140
36.75
19170
36.50
19200
36.41
19230
36.33
19260
36.16
19290
35.97
19320
36.07
19350
36.03
19380
36.49
19410
36.54
19440
36.27
19470
36.58
19500
36.68
19530
37.00
19560
37.29
19590
37.33
19620
37.51
19650
37.73
19680
38.15
19710
38.52
19740
38.64
19770
38.59
19800
38.59
19830
38.68
19860
38.86
19890
39.05
19920
39.31
19950
39.77
19980
40.17
20010
40.67
20040
41.08
20070
41.05
20100
41.13
20130
41.41
20160
41.78
20190
42.05
20220
41.98
20250
42.01
20280
41.88
20310
41.86
20340
42.10
20370
42.00
20400
42.01
20430
42.14
20460
41.96
20490
41.32
20520
41.15
20550
41.16
20580
41.28
20610
40.87
20640
40.51
20670
40.00
20700
39.61
20730
39.32
20760
39.12
20790
38.90
20820
38.45
20850
37.94
20880
37.46
20910
37.06
20940
37.15
20970
37.06
21000
36.86
21030
36.57
21060
36.50
21090
36.48
21120
36.23
21150
36.00
21180
36.06
21210
36.02
21240
36.44
21270
36.50
21300
36.24
21330
36.51
21360
36.59
21390
36.33
21420
36.63
21450
37.00
21480
37.34
21510
37.59
21540
37.64
21570
38.03
21600
38.40
21630
38.54
21660
38.56
21690
38.54
21720
38.92
21750
38.94
21780
39.11
21810
39.53
21840
39.91
21870
40.38
21900
40.92
21930
41.28
21960
41.66
21990
41.90
22020
41.87
22050
41.93
22080
42.11
22110
42.32
22140
42.27
22170
42.03
22200
42.04
22230
42.22
22260
42.16
22290
42.18
22320
42.06
22350
41.99
22380
41.72
22410
41.56
22440
41.21
22470
41.01
22500
40.92
22530
40.60
22560
40.26
22590
39.98
22620
39.61
22650
39.10
22680
38.74
22710
38.21
22740
37.69
22770
37.29
22800
37.03
22830
36.68
22860
36.45
22890
36.31
22920
36.27
22950
36.34
22980
36.30
23010
36.48
23040
36.94
23070
36.99
23100
36.64
23130
36.24
23160
36.41
23190
36.44
23220
36.80
23250
36.99
23280
36.63
23310
36.89
23340
37.19
23370
37.18
23400
37.45
23430
37.61
23460
38.05
23490
38.44
23520
38.53
23550
38.79
23580
39.12
23610
39.39
23640
39.62
23670
39.85
23700
40.11
23730
40.58
23760
40.97
23790
41.29
23820
41.66
23850
41.58
23880
41.64
23910
41.89
23940
42.16
23970
42.38
24000
42.31
24030
42.31
24060
42.14
24090
42.20
24120
42.42
24150
42.29
24180
41.91
24210
41.83
24240
41.58
24270
41.46
24300
41.08
24330
40.83
24360
40.51
24390
40.53
24420
40.35
24450
40.05
24480
39.78
24510
39.31
24540
38.85
24570
38.29
24600
37.77
24630
37.29
24660
36.95
24690
36.74
24720
36.67
24750
36.63
24780
36.46
24810
36.45
24840
36.40
24870
36.20
24900
36.26
24930
36.25
24960
36.05
24990
35.87
25020
36.04
25050
36.68
25080
36.86
25110
36.65
25140
36.21
25170
36.54
25200
36.82
25230
37.25
25260
37.54
25290
37.62
25320
38.00
25350
38.41
25380
38.52
25410
38.51
25440
38.53
25470
38.94
25500
39.40
25530
39.76
25560
40.02
25590
40.47
25620
40.82
25650
41.21
25680
41.53
25710
41.85
25740
41.81
25770
41.84
25800
42.02
25830
42.00
25860
41.99
25890
41.94
25920
41.74
25950
41.81
25980
42.08
26010
42.10
26040
42.10
26070
41.98
26100
41.94
26130
41.67
26160
41.54
26190
41.62
26220
41.28
26250
40.97
26280
40.48
26310
40.18
26340
39.95
26370
39.82
26400
39.57
26430
39.03
26460
38.49
26490
38.02
26520
37.53
26550
37.19
[7m:[27m[K[7mquit[27m                                                                                [?1l>[42;1H
[?1049l[screen is terminating]
[1m[7m%[27m[1m[0m                                                                                ]7;file://MacBookPro.lan/Users/robertread/scratch[0m[27m[24m[J(base) robertread@MacBookPro scratch % [K[?2004h[?2004l

Saving session...
...saving history...truncating history files...
...completed.

Script done on Tue Apr 21 22:30:16 2026
